300
20
46
90
45
91
57
98
53
58
92
99
6
73
65
79
67
2
17
48
18
15
82
68
25
38
17
32
93
54
24
47
55
68
94
86
96
50
35
14
84
59
65
12
31
56
2
52
88
88
78
3
8
95
4
76
62
56
86
36
7
80
5
54
90
14
67
48
19
50
34
6
58
22
35
83
9
60
55
12
67
6
93
51
15
26
17
97
42
13
11
97
54
4
55
8
94
73
51
42
48
72
53
33
51
52
88
54
14
9
1
36
72
41
19
8
72
63
5
18
24
41
65
21
19
92
64
35
14
97
47
69
64
88
95
100
26
27
92
92
29
42
24
89
3
13
4
7
67
33
37
53
71
73
33
25
43
73
5
95
90
78
39
36
54
9
25
35
84
36
57
98
30
1
20
57
55
56
82
85
60
57
40
5
13
39
21
12
31
34
67
4
72
73
87
86
56
87
30
4
21
39
24
100
49
39
60
69
86
77
96
27
54
77
36
24
95
6
37
67
85
54
81
40
96
2
9
34
67
37
55
12
65
39
16
80
28
21
16
51
24
65
89
16
71
7
27
1
78
64
61
30
19
49
9
41
36
45
32
46
65
42
56
17
9
84
44
31
16
80
96
40
40
10
56
45
23
17
14
51
18
30
70
1
4
28
74
81
76
29
22
59
100
62
8
96
33
21
68
75
14