300
86
65
15
57
25
87
80
77
16
39
32
36
43
35
82
46
48
1
67
48
83
59
28
3
84
81
70
4
53
42
94
54
98
10
56
36
79
73
95
31
100
25
64
49
12
64
88
52
2
59
96
37
58
92
68
22
33
56
1
89
45
27
50
37
71
33
49
27
50
11
35
13
37
20
59
99
56
43
86
45
97
16
2
93
69
11
12
74
38
67
55
87
71
55
48
73
42
59
37
9
4
74
38
82
12
79
53
68
9
87
61
100
74
30
48
60
40
89
88
23
64
93
37
17
71
17
88
85
29
71
57
38
75
7
16
38
3
78
22
57
82
47
4
43
2
59
45
32
84
5
21
52
50
98
30
79
89
94
27
22
57
78
36
5
94
93
28
58
55
32
93
13
6
61
48
28
15
8
53
50
8
6
65
61
90
78
94
47
34
27
56
73
75
84
33
85
22
87
76
54
35
2
23
58
1
39
88
57
85
49
24
28
45
62
10
95
49
44
17
13
37
80
62
17
21
11
25
74
57
15
1
13
44
87
44
88
11
90
73
51
16
14
91
31
55
27
62
17
31
8
69
61
7
88
10
40
90
72
8
70
96
39
11
80
55
13
71
88
70
54
14
35
65
96
71
41
93
66
1
48
76
13
31
39
67
57
8
89
58
81
38
3
5
67
27
89
74
36
89
86